1.9977204930290622
2.0255020308156437
2.0255020308156437
2.0444865781927861
2.0444865781927861
2.0444865781927861
2.0543511003856203
2.0543511003856203
2.0543511003856203
2.7992304558611223
2.8633220864518578
2.8633220864518578
2.8633220864518578
2.8633220864518578
2.8731866086446898
2.8731866086446898
2.8731866086446898
3.0047001300816971
3.0115516627152035
3.0115516627152035
4.5610289794547683
4.5703175468393438
4.5958638940704137
4.5958638940704137
4.5958638940704137
4.5958638940704137
4.5958638940704137
4.5958638940704137
4.5958638940704137
4.5958638940704137
4.5958638940704137
4.5958638940704137
4.5958638940704137
4.5958638940704137
4.5958638940704137
4.5958638940704137
4.5958638940704137
4.5958638940704137
4.5958638940704137
4.5958638940704137
5.0052816481999463
5.0052816481999463
5.0052816481999463
5.0052816481999463
5.0052816481999463
5.0052816481999463
5.0052816481999463
5.0052816481999463
5.0052816481999463
5.0052816481999463
5.0052816481999463
5.0052816481999463
5.1849979128106165
5.1971914113825886
5.1971914113825886
5.2343437004286564
5.2343437004286564
5.2343437004286564
5.4146994023294788
5.4146994023294788
5.4146994023294788
5.4146994023294788
5.4146994023294788
5.4146994023294788
5.4146994023294788
5.4146994023294788
5.5059534949080176
5.5059534949080176
5.8241171564590157
5.8241171564590157
5.8241171564590157
5.8241171564590157
5.8241171564590157
5.8241171564590157
5.8241171564590157
5.8241171564590157
5.8241171564590157
5.8241171564590157
5.8241171564590157
5.8241171564590157
5.8241171564590157
5.8241171564590157
5.8241171564590157
5.8241171564590157
5.8408860697446778
5.8408860697446778
5.8408860697446778
5.8587793783936890
5.8587793783936890
5.8587793783936890
5.8587793783936890
5.8587793783936890
5.8587793783936890
5.8587793783936890
5.8587793783936890
5.8587793783936890
5.8587793783936890
6.0289922025303886
6.0289922025303886
6.0289922025303886
6.0531792086877259
6.0531792086877259
6.0531792086877259
6.1019211390528989
6.2335349105885545
6.2335349105885545
6.2335349105885545
6.2335349105885545
6.2335349105885545
6.2335349105885545
6.2335349105885545
6.2335349105885545
6.2335349105885545
6.2335349105885545
6.2335349105885545
6.2335349105885545
6.3487748838826574
6.3487748838826574
6.6597215780037482
6.6597215780037482
6.6597215780037482
6.6597215780037482
6.6776148866527558
6.6776148866527558
6.6776148866527558
6.6776148866527558
6.6776148866527558
6.6776148866527558
6.7423069902742263
6.8478277107894590
6.8478277107894590
6.8478277107894590
6.8478277107894590
6.9313590073347502
6.9313590073347502
7.1216948627169661
7.1216948627169661
7.1216948627169661
7.1216948627169661
7.1216948627169661
7.1848025010337704
7.5311126168465012
7.5311126168465012
7.5311126168465012
7.5311126168465012
7.7779304694776679
7.8363387680620393
7.8363387680620393
8.3667170383912328
8.3846103470402440
8.3846103470402440
8.3846103470402440
8.5548231711769418
8.5806478739793182
8.5806478739793182
8.5806478739793182
8.6325927109784981
8.6325927109784981
8.6325927109784981
8.6674223520781499
8.6674223520781499
8.7308912644311913
8.8582838325441990
9.3994833822383868
9.3994833822383868
9.3994833822383868
9.4514282192375649
9.4514282192375649
9.4514282192375649
9.4514282192375649
9.6047317269991925
10.1055072952056069
10.1055072952056069
10.3491262707701441
11.1584236796250522
11.1716651111210368
